12013	33	90
9798	13	382
10695	17	215
5900	34	90
7923	43	141
5292	17	215
6342	13	382
9453	48	382
12553	25	62
5145	14	160
11341	48	32
6785	166	90
8917	198	160
6929	43	141
5649	48	32
2937	48	32
2535	150	382
7316	25	62
7879	48	32
12051	85	434
3371	17	862
11972	17	862
957	48	32
5354	34	90
6046	60	90
10618	17	862
3587	100	160
8381	85	434
6690	85	434
2134	17	862
10190	43	384
8096	31	4
11160	25	62
4831	100	160
8661	17	215
8317	43	141
4836	150	32
8557	25	62
8847	25	62
1155	17	862
11700	85	434
8929	85	434
4046	14	160
650	48	32
5969	48	32
3644	28	32
11090	48	32
4575	25	62
6913	48	382
10596	85	434
11154	17	818
13361	43	384
2215	48	32
257	25	62
4656	48	32
10226	28	382
11113	43	141
12717	17	818
3446	25	62
8327	11	23
3553	25	62
10920	51	160
5177	17	818
9530	48	32
8191	43	141
10546	34	90
942	100	160
250	14	160
6253	28	382
11717	232	160
11041	13	32
2422	48	32
4377	43	141
6161	107	4
1925	43	141
3365	51	160
4128	48	32
7769	17	818
1831	17	862
3676	48	32
2137	25	62
14244	43	141
5939	13	382
3861	14	160
8060	60	90
718	43	141
2477	43	141
6719	11	23
10268	185	32
2672	100	160
5532	25	62
1716	25	62
8353	85	434
5801	14	160
2729	28	32
7180	33	90
2209	25	62
2505	34	90
10328	25	62
2488	85	434
11261	28	382
6412	48	32
527	60	90
203	48	32
4111	34	90
4388	100	160
3476	85	434
900	13	32
11750	25	62
1216	43	141
11616	17	215
10015	133	32
8822	85	434
1075	34	90
7415	25	62
2506	43	141
412	48	32
1362	17	862
9190	48	32
7242	85	434
5534	107	4
6485	43	141
4369	85	434
11659	14	160
6941	43	141
3715	17	862
3262	43	141
3806	221	160
10042	43	384
3961	25	62
5954	85	434
808	17	215
2073	17	862
4771	48	382
9122	17	215
3003	13	32
8923	17	818
1157	17	862
7870	17	862
13909	43	141
9765	14	160
6325	34	90
1569	85	434
5361	43	141
4410	43	141
248	17	215
4570	11	23
2127	60	90
9550	25	62
3880	17	862
2569	48	32
8122	43	141
666	13	32
11343	17	862
1886	60	90
9583	25	62
3350	25	62
11039	48	382
6749	11	23
9364	11	23
5603	85	434
11931	28	32
5236	31	4
8318	43	384
9246	17	862
10894	17	862
926	31	4
8003	31	4
3876	48	32
11472	85	434
8245	48	32
11079	14	160
9188	150	382
6811	85	434
5174	17	862
1174	60	90
643	11	23
4010	85	434
773	219	90
5038	17	818
2189	43	384
6280	48	32
2886	14	160
8878	43	141
13679	17	862
5551	14	160
5664	85	434
3974	43	141
12912	85	434
157	31	4
9675	48	32
848	17	862
12333	43	384
1434	43	384
7976	43	141
557	60	90
1638	43	141
1838	14	160
3665	85	434
6102	43	141
5913	17	862
9214	85	434
6682	17	215
11928	25	62
1239	43	141
12701	25	62
11179	17	862
12163	25	62
4577	14	160
6485	85	434
6766	48	32
6065	14	160
2552	48	32
6176	25	62
7365	34	90
5145	34	90
10341	85	434
3041	48	32
12283	85	434
55	14	160
2235	17	862
8270	14	160
5760	31	4
7475	14	160
7741	17	862
9283	11	23
575	11	23
13638	33	90
2513	34	90
4766	11	23
13174	43	384
7686	14	160
1157	17	818
2494	85	434
14213	85	434
3868	85	434
3174	11	23
1079	31	4
5373	48	32
251	48	32
7583	14	160
1548	43	141
2669	43	384
11421	25	62
3196	31	4
5260	34	90
7612	43	384
9995	232	160
257	14	160
11584	16	32
3937	34	90
700	85	434
1872	17	818
6960	48	32
4210	85	434
10747	17	215
1025	17	862
6892	85	434
12288	43	141
7908	157	382
11947	43	384
6078	17	818
12835	17	215
7327	17	215
8893	31	4
1635	25	62
12830	48	32
10386	185	32
2945	25	62
3631	43	141
2311	17	818
10517	25	62
10268	51	160
2680	14	160
13818	85	434
1522	17	862
2133	25	62
1599	11	23
9197	31	4
6250	25	62
8607	43	384
407	25	62
7591	25	62
5522	48	382
6379	85	434
8118	25	62
605	85	434
5759	43	141
5804	25	62
2350	60	90
11881	25	62
13352	17	862
1239	48	32
13462	25	62
3938	85	434
2921	48	32
11398	28	32
8845	85	434
11446	85	434
12739	131	32
10128	85	434
10469	14	160
4427	34	90
785	28	32
4695	28	32
8350	28	32
6446	25	62
10228	48	32
6342	11	23
9295	48	32
5605	43	141
1013	43	141
10976	43	141
2668	48	32
5145	13	382
2873	37	382
1883	13	32
11578	85	434
11458	43	141
539	85	434
808	17	862
920	25	62
9283	13	32
2330	43	141
3034	28	382
1509	43	141
4137	11	23
8007	43	141
1152	17	818
8293	14	160
7515	43	384
4567	85	434
1685	25	62
1862	17	862
451	85	434
8155	14	160
850	17	862
7822	85	434
9815	43	141
9815	85	434
1450	17	862
1593	48	32
7878	48	32
554	17	215
13142	33	90
13525	25	62
2037	48	32
746	28	32
7948	17	862
11199	51	160
10684	33	90
5477	25	62
10979	48	382
14508	25	62
336	25	62
7862	25	62
6869	31	4
7270	17	862
5979	11	23
14509	25	62
8318	85	434
7843	17	862
4266	34	90
3177	14	160
12407	25	62
9980	43	141
7222	13	382
1440	43	384
11347	43	141
7925	17	862
9427	48	32
4455	17	862
1828	25	62
9103	17	862
12062	100	160
12573	17	215
3759	28	32
2730	150	382
2541	25	62
3471	48	32
4827	85	434
5493	43	141
5861	34	90
11318	43	384
12528	48	32
3736	17	862
3874	85	434
5000	17	818
8610	13	382
292	13	382
6848	14	160
4498	43	141
2997	14	160
6835	43	384
12076	85	434
12347	85	434
4607	17	215
11068	14	160
10681	48	32
4417	85	434
10735	48	382
4388	85	434
3935	25	62
5280	31	4
9382	25	62
155	25	62
3279	31	4
3723	11	23
6736	31	4
5194	43	141
7623	185	32
2666	17	862
5596	85	434
3237	85	434
9743	60	90
10786	17	862
694	43	141
7296	25	62
1964	60	90
9509	25	62
6545	48	32
4651	25	62
9317	11	23
5016	48	32
9116	43	384
7556	43	141
4928	43	384
4018	43	384
13786	108	90
10829	25	62
2789	11	23
7412	14	160
10392	17	818
4294	17	862
3400	60	90
2157	17	818
5228	17	215
1944	85	434
5072	25	62
12565	43	141
4335	25	62
3278	43	141
9842	17	215
9842	60	90
9086	85	434
1125	14	160
757	17	862
8078	14	160
12608	17	215
8396	31	4
3541	43	141
12485	43	141
1889	17	215
668	43	384
4448	11	23
11754	85	434
2696	25	62
666	34	90
2459	48	32
11931	13	32
315	28	32
3595	43	141
1035	25	62
2651	25	62
3320	48	382
12195	43	384
1243	17	862
9709	85	434
11882	25	62
7009	100	160
7785	17	862
812	60	90
4118	48	32
2437	25	62
6515	48	32
8609	11	23
5483	17	862
4526	48	32
1570	43	141
9184	85	434
3667	17	862
4974	17	862
12015	85	434
2547	34	90
12427	48	32
9201	48	32
2328	85	434
9136	25	62
1703	90	23
12801	48	32
7973	17	215
5456	28	32
718	85	434
3368	43	141
5697	43	141
545	25	62
7719	14	160
10067	25	62
6311	107	4
12558	48	32
7118	48	32
10999	17	818
1699	34	90
6412	17	818
5516	11	23
8049	14	160
9483	48	32
10955	25	62
11994	166	90
6247	25	62
2514	34	90
6682	43	141
7514	25	62
2339	48	382
7720	14	160
6042	48	32
3441	100	160
8086	28	382
425	17	215
2522	17	862
8299	13	32
11499	43	384
12410	11	23
4695	34	90
6340	34	90
1201	34	90
3787	43	141
2055	25	62
2903	13	382
870	48	382
870	85	434
9563	17	862
9035	17	215
3742	13	32
12589	43	141
9256	17	818
9711	11	23
3127	198	160
14357	25	62
6914	34	90
8623	43	384
9314	100	160
9235	198	160
12520	25	62
535	48	32
2928	43	141
12629	25	62
14027	25	62
6116	14	160
4824	31	4
3032	232	160
13355	43	141
12392	43	384
9125	48	382
10186	85	434
13205	17	818
3277	34	90
8969	25	62
7448	43	141
9364	14	160
5277	43	141
3030	85	434
13373	25	62
5164	25	62
11418	25	62
629	14	160
2276	43	141
8918	34	90
2524	100	160
5227	43	141
4356	17	862
10335	185	32
6919	14	160
616	43	141
9188	129	90
8509	31	4
4550	43	384
2144	14	160
256	85	434
409	85	434
1512	25	62
837	34	90
12686	43	141
4342	85	434
12613	17	862
2137	85	434
8892	43	141
1539	34	90
9744	25	62
2579	25	62
755	60	90
6984	25	62
7286	51	160
4777	43	384
5570	25	62
5809	85	434
4034	85	434
6468	43	141
1644	25	62
2652	25	62
8292	17	818
10865	28	32
6347	85	434
2378	34	90
12232	33	90
742	25	62
13561	25	62
5968	11	23
10370	48	32
1697	150	32
425	60	90
491	43	141
8548	85	434
2111	14	160
8873	25	62
13418	48	382
4361	17	862
14511	25	62
5792	17	862
6278	34	90
2872	48	32
1132	14	160
12999	185	382
2937	85	434
6366	25	62
12051	48	32
2145	17	862
5802	25	62
3495	34	90
3742	25	62
14513	25	62
4477	43	141
12400	48	32
1949	17	215
3569	14	160
1182	25	62
11641	85	434
5660	11	23
2127	17	862
9910	147	382
11801	232	160
13636	25	62
10502	43	141
10163	11	23
7703	85	434
666	31	4
14062	25	62
8627	48	32
2361	17	818
1131	221	160
5359	25	62
5400	25	62
9010	25	62
9246	43	384
1568	100	160
7417	33	90
7648	43	141
52	17	862
7617	25	62
1359	100	160
9866	48	32
5031	14	160
1963	17	818
5667	48	32
4854	17	862
431	43	141
4129	11	23
5617	25	62
3227	166	90
5765	48	32
11997	48	32
5263	48	32
1766	17	862
14228	33	90
8710	236	32
1966	11	23
1722	43	141
9269	107	4
9899	43	384
8755	100	160
5536	14	160
5703	100	160
254	85	434
4786	48	32
4978	25	62
5708	13	32
12912	43	384
3138	31	4
1128	48	32
7455	11	23
8854	25	62
9297	85	434
8093	48	32
61	48	32
1680	232	160
13873	85	434
175	185	32
6959	28	382
12293	43	141
12293	85	434
557	48	32
8607	100	160
905	147	382
10516	25	62
9696	34	90
2766	11	23
2332	25	62
3738	43	141
13805	43	141
1678	100	160
6560	31	4
2106	14	160
6691	48	32
11013	31	4
10739	14	160
7260	85	434
6949	17	818
8968	25	62
1348	85	434
12882	25	62
5353	85	434
7388	17	862
4179	25	62
10007	43	141
2855	60	90
394	17	862
1612	43	384
7376	31	4
7611	25	62
10127	17	862
4460	14	160
2035	25	62
4837	28	32
4837	13	32
2145	43	141
3619	85	434
6442	13	32
3472	48	32
4062	13	32
6787	25	62
374	14	160
10618	43	141
3017	48	382
63	14	160
5140	25	62
8015	43	141
2333	31	4
11160	17	215
9056	17	818
4444	100	160
10462	25	62
2533	85	434
8818	85	434
7211	14	160
11745	16	32
4339	100	160
8544	25	62
148	14	160
9807	51	160
3860	17	215
4400	11	23
4160	34	90
6952	48	32
4033	34	90
9225	17	215
10053	43	141
281	85	434
10956	43	141
4894	48	32
1268	31	4
6475	43	141
9246	60	90
11001	17	862
7959	17	862
9220	11	23
9555	43	141
13994	25	62
2081	43	141
476	150	32
13176	43	141
12511	133	32
13308	43	141
8795	51	160
7600	11	23
4118	43	141
9376	25	62
2474	25	62
9154	17	215
7446	34	90
10590	14	160
284	17	215
9948	48	32
1780	14	160
8151	85	434
6714	28	382
9201	43	141
71	25	62
5783	43	384
6663	85	434
4913	14	160
2159	85	434
3267	100	160
3026	25	62
4262	13	32
2311	43	141
639	13	32
6588	17	818
5821	34	90
180	13	32
5447	28	32
4437	31	4
7345	17	862
5026	85	434
8930	48	32
3283	43	141
2074	48	32
8567	48	32
6022	43	141
13959	25	62
12189	25	62
868	31	4
8258	43	141
7040	34	90
3579	34	90
1950	11	23
6310	17	862
4030	17	862
8005	43	141
98	37	382
7388	25	62
809	17	818
7003	31	4
3628	17	862
5389	185	32
7708	11	23
8572	25	62
9731	43	141
4452	51	160
8778	28	32
8612	85	434
8276	34	90
12394	17	818
109	11	23
10767	25	62
4161	25	62
10244	48	32
3810	17	215
7630	11	23
10930	28	382
7207	48	32
5771	25	62
3033	43	141
12636	33	90
9774	25	62
6494	43	141
4122	48	32
13498	25	62
6238	13	382
10988	48	382
12300	25	62
11547	43	141
7346	14	160
436	48	32
8740	48	32
6133	11	23
4853	85	434
8377	25	62
10171	85	434
11079	13	32
11635	17	862
4975	25	62
11548	25	62
692	48	32
9670	85	434
187	43	384
4279	25	62
12717	43	384
10176	11	23
6242	34	90
2457	13	382
4472	48	32
1100	17	862
3754	43	141
12288	85	434
8287	17	862
5557	100	160
13109	17	818
12813	85	434
5797	48	32
9720	85	434
372	25	62
2946	17	215
13163	17	862
7520	34	90
13341	43	384
13021	33	90
13645	48	32
8272	25	62
8836	25	62
9954	43	141
1347	25	62
8707	43	384
8985	60	90
2529	25	62
7178	17	862
11097	17	862
3382	28	382
7956	198	160
5247	11	23
7231	25	62
8090	43	384
5516	14	160
3597	17	818
7304	34	90
5772	34	90
11991	17	215
2640	29	382
12761	25	62
5673	48	32
14057	48	32
8334	11	23
6353	25	62
7349	11	23
6638	11	23
5839	85	434
2342	25	62
517	31	4
11876	17	215
2140	34	90
10046	17	215
7242	43	141
5984	85	434
5439	14	160
1912	85	434
1937	14	160
2420	14	160
11458	48	32
539	48	32
11270	139	90
12112	34	90
3012	48	32
3967	100	160
11381	48	32
1888	14	160
8393	85	434
8214	13	382
4367	17	818
5336	43	141
1920	25	62
1908	48	382
5159	17	862
951	43	384
11935	43	384
4929	34	90
10026	14	160
12681	34	90
6713	17	818
7665	17	215
3621	13	382
13144	33	90
6655	17	862
8858	85	434
5272	17	862
4671	85	434
2962	34	90
504	43	141
13429	25	62
5613	43	384
1048	60	90
355	17	818
8509	28	32
10388	25	62
4279	48	32
11428	128	90
3483	85	434
8016	25	62
7072	17	818
5314	17	862
10917	17	215
11969	17	818
3903	17	818
3056	48	32
547	17	862
4571	25	62
8475	85	434
2555	34	90
4890	14	160
9796	85	434
10440	43	141
2649	14	160
1026	17	862
2267	25	62
9470	11	23
3981	43	384
13072	43	141
7662	85	434
1976	85	434
2285	43	384
8238	17	862
6013	100	160
7934	43	141
4305	85	434
12365	34	90
2548	43	141
12723	133	32
6309	25	62
10938	25	62
2491	25	62
1253	151	32
11602	100	160
1482	17	862
12041	107	4
7021	17	215
1524	43	141
13496	43	141
203	17	862
8116	147	382
4807	85	434
4619	25	62
7849	11	23
3013	33	90
5233	43	141
2435	85	434
9329	34	90
3800	100	160
5195	48	32
10791	14	160
5839	48	32
3883	17	862
2681	48	32
3328	14	160
4860	48	32
5665	101	160
13475	232	160
5865	25	62
2872	60	90
7365	25	62
10115	232	160
3987	25	62
10380	25	62
843	31	4
12890	25	62
5220	25	62
2742	25	62
7630	147	382
10930	28	32
4209	48	32
957	43	141
486	14	160
1789	33	90
6109	34	90
535	25	62
2127	48	32
860	48	32
6933	25	62
656	28	32
9604	17	818
7461	34	90
3288	48	32
8912	28	32
5313	43	384
13205	48	32
9797	25	62
3078	17	862
8302	43	384
5603	60	90
4103	17	862
11128	85	434
4495	85	434
15	14	160
12081	48	382
629	31	4
6597	48	32
3146	85	434
6512	48	32
2362	17	862
14007	25	62
2283	17	862
1294	25	62
9730	48	32
5729	13	32
11666	43	141
4164	14	160
8796	25	62
4274	17	862
13808	133	32
1275	13	382
9087	33	90
6399	14	160
3980	43	141
326	85	434
3155	25	62
3323	43	141
1045	34	90
4530	13	32
5002	28	32
7313	25	62
5562	25	62
4829	25	62
11967	25	62
12151	185	32
6433	85	434
2206	85	434
705	25	62
3269	85	434
7056	14	160
6466	34	90
12543	43	141
4060	25	62
6953	17	215
4093	85	434
11228	25	62
641	17	215
9878	43	384
5199	25	62
5857	31	4
13357	43	141
3279	11	23
8577	17	818
4741	13	382
7335	43	384
1092	17	818
10223	17	862
2981	150	32
1998	17	862
11678	48	32
1420	43	141
4094	14	160
3162	25	62
5556	43	141
3326	43	141
8702	48	382
9257	33	90
762	48	32
9906	43	141
5478	14	160
3517	14	160
2858	185	32
2955	16	32
6633	85	434
2668	17	818
7358	17	862
489	90	23
10935	31	4
4036	17	818
13253	43	141
6418	17	818
14523	25	62
12340	25	62
3967	17	818
5881	17	215
1717	85	434
3383	85	434
8960	85	434
2836	48	32
10500	43	384
4355	17	818
10156	17	818
4403	198	160
2494	43	141
10915	43	384
5494	43	141
7910	25	62
8748	51	160
6900	43	141
4519	14	160
1560	232	160
8201	48	32
5931	17	818
722	48	32
1811	43	141
1578	150	32
11906	100	160
4880	14	160
9839	48	32
14176	43	384
618	34	90
5181	48	32
6384	17	862
4753	214	160
5407	17	215
1854	43	384
6211	147	382
6211	11	23
10926	34	90
7993	25	62
1963	43	141
11933	48	382
1209	85	434
2589	219	90
5651	14	160
5651	11	23
10292	43	141
3446	48	32
549	48	32
1897	14	160
5333	151	32
8427	43	141
4125	34	90
1959	11	23
6734	48	32
3999	85	434
149	85	434
2241	11	23
9885	48	32
6420	25	62
7992	17	862
6997	25	62
663	17	862
11342	48	32
5403	43	141
13302	25	62
3918	85	434
10640	43	141
11327	28	32
9300	33	90
10902	25	62
8875	17	215
5124	17	862
3866	31	4
5890	43	141
3312	43	141
6644	11	23
1453	85	434
2574	34	90
4130	43	141
9827	85	434
5032	11	23
7379	33	90
1532	25	62
3384	85	434
8898	100	160
1667	51	160
2623	29	382
5098	85	434
8932	14	160
2755	13	382
3817	25	62
13761	48	32
12064	43	384
1344	85	434
5259	43	141
219	34	90
5488	43	141
11743	25	62
3517	31	4
5090	85	434
8685	43	384
10127	85	434
2043	17	215
7523	48	32
3039	85	434
2508	14	160
957	17	215
3314	11	23
10287	17	215
2554	48	32
1036	25	62
4972	25	62
1652	25	62
2004	14	160
7450	43	141
9910	14	160
11052	43	141
4400	14	160
961	219	90
3350	48	32
5744	28	382
3588	48	32
7589	17	862
5014	17	215
8399	85	434
13368	185	32
902	85	434
5286	48	32
66	43	141
9282	17	818
9709	43	141
630	185	32
5031	34	90
4104	17	862
5028	60	90
3418	11	23
10290	85	434
9231	43	141
16	17	862
5622	17	818
5651	34	90
2475	31	4
8179	17	818
7194	60	90
9431	25	62
12246	43	141
5901	25	62
3981	48	32
5895	43	384
10124	17	862
624	34	90
11590	17	862
11182	17	862
12912	17	215
940	48	32
1522	17	818
271	14	160
647	17	862
6835	60	90
2876	48	32
1599	34	90
5857	14	160
5680	198	160
7299	11	23
12911	43	141
407	17	215
7749	11	23
1409	43	384
9696	13	32
6537	85	434
2711	14	160
11114	25	62
9483	236	32
4208	17	862
13217	17	215
5646	85	434
4868	85	434
30	100	160
9690	48	32
6949	43	384
488	85	434
4042	85	434
5959	43	384
5104	85	434
12165	43	141
9798	11	23
7788	25	62
6371	17	862
1935	34	90
7412	25	62
2552	43	141
2095	17	818
9918	43	141
3351	34	90
4493	48	32
5169	60	90
609	51	160
7208	51	160
8926	100	160
5899	13	382
7146	48	32
7168	25	62
9187	17	862
6	100	160
11715	31	4
14524	25	62
5173	43	384
2427	85	434
4909	85	434
7566	31	4
5374	11	23
4772	28	382
3338	31	4
8847	85	434
1866	17	818
5474	85	434
4071	25	62
11855	17	215
2917	43	141
4105	14	160
5407	43	141
2817	14	160
1301	13	382
156	17	818
10603	17	862
9776	48	32
6083	17	862
3907	43	141
9951	17	818
6775	48	32
10331	28	32
3695	17	215
3630	85	434
7681	48	32
14248	43	141
1778	85	434
4761	17	818
14395	25	62
8454	14	160
917	25	62
2774	60	90
11134	14	160
4006	34	90
9844	85	434
9419	31	4
3969	14	160
1486	31	4
8151	17	215
5012	60	90
1764	25	62
10340	14	160
9280	185	32
2684	11	23
10307	34	90
12856	33	90
4197	48	32
4197	17	818
10121	34	90
11375	33	90
6992	25	62
13037	25	62
7907	31	4
9632	14	160
1782	85	434
4607	25	62
11028	43	384
4597	43	384
679	11	23
3429	48	32
7753	48	32
7573	28	32
7658	25	62
6168	13	32
1003	28	32
2981	198	160
10145	33	90
12250	51	160
10891	14	160
6380	48	32
4030	17	818
8341	17	862
13601	34	90
1951	17	862
8299	34	90
7465	60	90
6699	60	90
4928	100	160
2809	25	62
5766	85	434
10392	43	384
2892	85	434
3664	48	382
12482	85	434
2611	25	62
4335	11	23
9285	43	141
5446	48	32
8285	17	862
4282	25	62
5121	17	215
6321	17	818
875	11	23
7794	14	160
2419	48	382
4259	43	141
11329	85	434
3611	85	434
11907	25	62
7280	25	62
4991	43	384
154	43	141
6996	48	32
11814	25	62
6121	43	141
3626	17	862
4782	31	4
8734	43	141
1666	43	141
6869	34	90
1523	43	141
14176	85	434
6826	17	215
8188	85	434
7777	25	62
3595	60	90
5469	17	862
7758	11	23
7953	11	23
12226	85	434
13501	17	862
4793	85	434
156	60	90
3795	17	215
12458	43	141
4270	14	160
8831	25	62
9945	43	141
1309	25	62
4878	48	32
3204	85	434
10484	33	90
2457	14	160
1459	48	32
8062	25	62
4364	14	160
3421	14	160
2832	17	862
7622	43	141
12439	17	862
10172	34	90
1471	48	32
8478	107	4
4833	25	62
8710	48	32
3599	85	434
1448	25	62
6848	28	32
9739	25	62
5497	85	434
8488	31	4
7738	17	862
11068	13	382
4111	11	23
3585	14	160
5289	17	215
8401	28	382
3568	25	62
900	28	32
1188	48	32
11607	25	62
8575	43	141
9210	135	382
6042	85	434
10621	25	62
3190	85	434
4440	14	160
186	60	90
6710	25	62
1893	85	434
11925	25	62
7251	43	141
9652	48	32
9937	43	141
7674	85	434
3247	14	160
5037	25	62
5561	133	32
4719	11	23
5723	17	862
11838	25	62
8340	48	32
14219	25	62
1884	14	160
10221	25	62
3012	17	862
7816	17	862
5811	48	32
7275	60	90
11673	43	141
6164	17	862
6350	43	141
6046	17	862
10571	17	215
7399	17	862
10863	43	141
3044	11	23
6472	34	90
2525	14	160
991	17	215
1396	85	434
7878	43	141
8666	43	384
8721	14	160
3379	34	90
11199	185	382
13365	48	32
7703	17	862
4415	147	382
6128	17	862
11051	17	215
3775	25	62
3055	28	32
3777	17	862
3122	48	32
5400	31	4
9975	25	62
3124	13	382
10148	25	62
4554	25	62
5240	147	382
3532	17	818
4065	60	90
9589	24	32
2690	25	62
1021	13	382
4210	100	160
9535	43	384
5872	34	90
5872	25	62
523	100	160
3295	17	862
2977	11	23
4006	31	4
1887	25	62
8281	14	160
6495	33	90
9470	147	382
6456	214	160
13065	17	862
9326	43	384
5867	33	90
8210	17	862
2606	85	434
13703	25	62
4913	28	382
2788	48	32
10634	43	141
1229	14	160
6297	17	862
6203	17	215
10147	43	141
9374	60	90
114	48	32
2571	100	160
665	48	32
3727	28	32
8127	25	62
2051	85	434
12347	48	32
12083	17	818
6558	43	141
1492	43	141
2332	17	862
10977	17	862
2118	17	215
9955	85	434
8822	43	141
1998	85	434
8264	17	818
5662	51	160
4328	48	32
1238	11	23
3209	48	32
9492	14	160
6985	28	32
4716	17	862
12177	25	62
794	219	90
10205	17	862
13632	25	62
5190	33	90
2673	14	160
8468	43	141
1643	13	32
4508	60	90
3767	11	23
3353	31	4
5725	17	215
1335	11	23
9619	11	23
12808	43	384
11550	33	90
2107	17	818
38	48	32
2570	14	160
12728	43	141
8912	11	23
7154	11	23
798	48	32
7121	85	434
6849	11	23
1068	43	141
4047	17	818
8204	17	862
8002	25	62
6182	25	62
1499	14	160
101	11	23
9522	31	4
4626	107	4
9776	85	434
11479	25	62
6763	17	818
9215	13	32
9504	31	4
5761	48	382
6486	85	434
8715	48	32
9844	43	141
4529	85	434
2825	28	32
13304	17	862
3236	17	862
5085	13	32
11326	25	62
9368	43	141
9368	17	862
8433	25	62
2606	100	160
11670	25	62
9927	48	32
12528	17	862
10597	48	32
6362	17	862
5697	85	434
13736	25	62
8854	185	32
1843	28	32
5625	43	141
381	31	4
1228	14	160
4691	28	382
9475	25	62
9403	48	382
8591	43	141
7452	17	862
4402	17	818
13117	25	62
9514	85	434
8883	17	818
13962	85	434
2694	43	141
9542	25	62
11272	25	62
2454	25	62
489	14	160
1775	48	32
1704	11	23
11368	100	160
8044	17	862
808	25	62
6418	48	32
13239	33	90
3133	198	160
7895	13	32
305	17	215
1307	17	215
5116	48	32
3732	43	384
9003	48	32
2071	51	160
1337	17	818
8499	25	62
4794	28	382
7562	43	141
11720	43	384
9797	48	32
12605	85	434
3775	34	90
6846	13	382
6475	48	32
1785	31	4
9301	48	32
1221	25	62
3532	100	160
1963	17	215
8020	85	434
922	133	32
549	17	862
4455	48	32
9605	33	90
1459	43	141
3759	31	4
7535	17	215
1892	11	23
6364	17	215
8518	85	434
11577	17	862
6865	11	23
2480	31	4
12634	25	62
6834	11	23
1441	14	160
4829	48	32
3861	34	90
8501	17	862
10762	25	62
247	29	382
5703	85	434
144	100	160
7157	48	32
10276	48	32
1377	151	32
6953	48	32
1477	85	434
9098	11	23
3779	43	141
3521	17	862
5868	48	32
107	17	215
12076	100	160
2051	43	141
1517	25	62
3951	17	818
5808	25	62
5909	25	62
10149	25	62
3888	43	384
7040	28	382
2604	34	90
9864	43	141
2698	25	62
1003	11	23
6298	25	62
1689	85	434
7720	34	90
4689	17	215
6353	17	862
4349	17	818
11705	163	32
10809	48	32
10680	48	32
8790	25	62
5463	25	62
966	17	818
11696	25	62
6766	17	862
6766	60	90
6633	60	90
3790	43	141
262	43	384
418	34	90
5299	85	434
732	43	141
3841	48	32
2322	150	32
670	17	818
1884	34	90
10494	17	862
11926	43	141
6162	43	384
6697	48	32
11401	43	141
6034	17	862
13452	43	141
6852	48	32
3710	17	862
13597	48	32
5881	48	32
3003	31	4
3436	11	23
1700	25	62
6481	14	160
3562	14	160
2492	48	32
957	17	818
2229	34	90
7207	85	434
1258	34	90
1104	48	32
3325	85	434
12608	43	141
2022	25	62
7093	34	90
8721	31	4
12728	17	818
7305	85	434
6972	85	434
10636	17	818
1392	43	141
961	25	62
4326	43	141
8786	43	141
11039	43	141
5407	48	32
9944	17	818
3060	13	32
9042	43	384
12598	25	62
8002	14	160
13189	25	62
10154	48	382
806	17	818
13994	133	32
8789	17	862
11191	25	62
5127	34	90
1129	34	90
5827	14	160
4550	60	90
2175	48	32
414	25	62
8872	48	32
4647	17	862
12118	28	32
5585	25	62
5791	43	141
13068	25	62
6462	25	62
413	43	141
6421	17	862
1147	60	90
11427	17	862
3492	25	62
5456	13	32
9365	60	90
8551	43	141
10016	60	90
11721	25	62
6290	43	141
5809	48	32
10736	60	90
6615	25	62
2324	85	434
943	31	4
7220	33	90
4691	14	160
13505	25	62
10266	11	23
3427	25	62
12809	25	62
11002	17	862
10238	85	434
4659	43	141
7563	28	32
6682	48	32
3591	232	160
28	31	4
9612	43	141
9148	11	23
1384	43	141
4683	16	32
5668	43	141
11713	31	4
10310	48	32
3340	25	62
4133	43	141
8086	14	160
1943	43	141
7474	85	434
1770	85	434
11689	43	141
11591	85	434
785	13	32
5020	25	62
7003	34	90
1769	48	32
7034	34	90
2349	25	62
10341	25	62
11878	85	434
4463	17	818
10989	25	62
7854	43	141
1509	17	215
9531	17	862
4156	43	141
5630	85	434
253	43	141
7213	25	62
12417	85	434
1862	43	141
11845	214	160
4340	25	62
2088	25	62
4268	48	32
8096	11	23
4293	17	215
1737	43	384
7232	85	434
4382	14	160
653	17	862
4929	11	23
9519	34	90
7799	85	434
14092	25	62
10724	17	818
10432	17	215
12692	43	141
4835	25	62
10842	14	160
5065	17	862
1243	43	384
5927	85	434
9322	17	862
2314	17	862
8972	25	62
4068	25	62
7390	17	818
10296	43	384
11315	17	818
218	43	141
917	17	862
917	85	434
4386	17	862
1895	85	434
5471	17	862
3912	28	382
5406	221	160
664	48	32
4377	17	862
10071	85	434
3484	13	32
6408	85	434
8463	17	215
10394	85	434
9681	48	32
5578	25	62
1609	48	32
6080	85	434
10237	85	434
5675	48	382
4284	43	141
12154	14	160
7721	48	32
13818	17	215
8988	48	32
9371	48	32
4828	43	141
1488	232	160
13618	43	141
2084	17	862
53	25	62
10142	11	23
9197	34	90
12921	33	90
11028	48	32
14208	25	62
203	100	160
2338	11	23
10937	43	141
6422	25	62
6738	85	434
12363	25	62
11043	48	32
1998	100	160
5091	48	32
2576	85	434
5455	85	434
2549	17	215
2802	34	90
10336	13	32
6704	11	23
3883	43	141
8299	13	382
2101	14	160
2772	85	434
2111	34	90
2208	85	434
8803	17	862
7597	34	90
12410	31	4
92	152	382
12522	25	62
13433	17	862
2668	43	141
1883	28	32
7472	17	862
4532	25	62
8432	48	32
11401	25	62
3632	13	382
3971	25	62
4062	11	23
7089	33	90
5152	14	160
11996	43	141
869	17	818
2061	48	32
8068	28	32
10204	43	141
1351	17	215
4433	17	862
3748	48	32
2134	48	32
4945	43	141
8552	25	62
2062	43	384
1707	13	382
6170	14	160
251	100	160
1472	28	32
1593	17	818
9013	14	160
4926	28	32
7744	13	32
653	48	32
10715	85	434
8404	43	141
2546	51	160
7548	48	32
1886	17	862
11483	25	62
129	14	160
5248	17	862
12942	25	62
5283	48	32
11022	43	141
8918	14	160
1498	48	32
661	60	90
9305	43	141
9215	28	32
2383	17	818
5729	28	32
9449	85	434
13667	25	62
8352	11	23
8179	17	862
409	17	862
7668	33	90
942	85	434
3828	11	23
4925	48	32
1391	33	90
9272	17	818
6001	43	384
2969	14	160
2547	14	160
8684	14	160
5664	17	818
3254	14	160
3577	48	32
11157	43	141
5898	11	23
495	14	160
11632	48	382
6982	48	32
7534	25	62
11921	17	862
6601	11	23
2537	48	32
3992	85	434
7391	28	382
1752	147	382
1444	85	434
12921	25	62
4940	14	160
527	25	62
10133	43	141
6147	34	90
6569	48	32
12505	48	32
7155	25	62
4861	17	818
8665	43	384
11014	17	215
7466	100	160
2802	11	23
13669	25	62
1677	85	434
10548	14	160
8289	11	23
4124	85	434
1408	17	215
9898	43	141
9906	60	90
5640	25	62
6343	43	384
7841	43	384
8533	43	141
7526	34	90
6232	34	90
2222	48	32
7666	28	32
7517	17	862
11578	48	32
3024	85	434
8285	85	434
1772	17	818
6313	17	862
898	34	90
8014	43	141
4766	31	4
7236	28	382
1608	31	4
691	43	141
9007	25	62
3311	48	32
1560	43	141
7450	17	862
7093	14	160
8586	34	90
9083	28	382
10437	43	141
10637	43	141
6952	43	141
12637	43	141
1523	17	215
6791	25	62
8120	43	141
8359	60	90
7062	48	32
3196	11	23
2951	100	160
8383	25	62
3224	11	23
2592	48	32
5192	11	23
5891	11	23
3289	17	862
13648	60	90
5690	14	160
6860	25	62
3997	43	384
214	17	862
11159	43	141
1693	34	90
11428	25	62
11666	17	215
3553	100	160
8663	25	62
8871	43	141
3141	17	215
3846	14	160
12309	43	141
1225	48	32
2825	34	90
8513	34	90
2449	48	32
12835	17	862
2366	25	62
6639	25	62
2950	25	62
3128	17	862
4530	34	90
2016	48	32
9344	25	62
4547	85	434
12076	43	141
3727	28	382
4341	31	4
5960	25	62
25	25	62
8935	13	32
4694	17	862
4416	17	215
4165	48	32
10759	185	32
8591	17	818
12683	33	90
3938	43	141
7349	14	160
2601	85	434
6180	25	62
6058	85	434
8548	43	141
127	25	62
4379	14	160
6098	13	32
11689	48	32
6413	43	141
8089	11	23
7030	60	90
2882	43	384
5792	48	32
7376	34	90
2689	11	23
9999	43	141
6383	17	215
12040	85	434
6785	108	90
10456	25	62
11270	221	160
1597	85	434
4660	107	4
7762	43	141
7593	48	32
2930	43	384
1659	43	141
486	11	23
3639	34	90
3331	70	32
5982	100	160
2302	60	90
6268	48	32
11702	43	141
11758	43	384
9867	33	90
9033	48	32
10164	185	32
132	17	862
8937	48	32
8894	31	4
4100	85	434
9117	33	90
8980	31	4
8157	34	90
2917	17	862
11193	43	141
9143	34	90
4310	14	160
5047	14	160
8531	17	215
4663	43	141
13411	33	90
5563	34	90
14183	25	62
10288	85	434
2065	28	382
5818	34	90
3734	17	862
5544	17	818
1981	17	862
7390	43	141
1024	17	215
643	34	90
9154	100	160
12787	51	160
3940	43	141
2555	11	23
3116	34	90
3171	25	62
5368	17	818
11020	198	160
6648	17	818
7366	85	434
1621	48	382
4583	11	23
7739	48	32
9978	34	90
11871	17	818
2487	17	862
9279	17	862
10085	25	62
8617	60	90
527	43	141
3665	48	32
8525	43	141
1082	43	141
1589	43	384
7632	85	434
4689	43	141
322	48	32
5839	43	141
1511	17	818
3410	34	90
2140	25	62
4653	43	141
12507	43	141
2002	17	862
7904	48	32
6229	31	4
674	17	215
2656	17	862
3199	43	141
915	25	62
11897	17	215
9199	43	141
2563	17	862
12169	198	160
9711	34	90
9222	48	32
12580	25	62
11066	25	62
2716	14	160
11630	17	862
3168	31	4
8473	43	141
6357	14	160
11187	17	862
9242	11	23
3774	48	32
9115	43	141
11801	48	32
1593	43	141
5303	11	23
2899	25	62
2570	11	23
7899	17	215
9862	25	62
10186	48	32
621	85	434
5837	85	434
4757	11	23
1484	14	160
2818	25	62
7019	11	23
10057	17	818
6802	17	862
3367	43	384
2748	48	32
1107	14	160
11737	43	141
8491	85	434
5065	48	32
7578	25	62
9952	185	382
10894	85	434
10171	17	862
1048	85	434
514	85	434
330	78	382
3418	31	4
4656	43	141
5558	17	862
4505	43	141
11113	85	434
558	17	215
8509	13	32
8191	17	818
3002	34	90
6873	17	862
1371	100	160
11697	34	90
9002	139	90
6497	43	141
48	43	141
1831	43	141
1064	43	141
9046	185	32
5628	25	62
5853	60	90
4187	11	23
4681	34	90
10533	25	62
5447	13	382
719	31	4
7383	17	862
9373	85	434
4828	48	32
263	34	90
1453	17	862
8567	17	862
8143	17	862
11779	17	862
9110	43	141
1123	43	141
1123	85	434
6558	25	62
5222	85	434
11065	11	23
10133	48	32
2676	11	23
10937	85	434
1080	152	382
1069	31	4
4208	17	215
2733	25	62
12732	17	215
10660	90	23
4163	13	382
13462	33	90
9858	51	160
13565	185	32
3690	17	862
7823	17	862
6054	14	160
1813	43	141
2627	85	434
346	43	141
2208	43	141
10069	25	62
13869	25	62
9328	17	818
5249	25	62
4427	31	4
2205	31	4
8735	11	23
7575	43	141
6722	43	141
7666	13	32
3809	33	90
7574	17	818
2407	11	23
8923	48	32
2758	14	160
5654	34	90
11386	25	62
5241	43	141
1335	34	90
5135	48	32
4409	28	382
699	90	23
461	17	215
3070	17	862
4823	28	32
1992	14	160
4214	17	862
6170	34	90
11935	17	862
7878	17	215
7093	11	23
298	185	32
5461	11	23
9422	17	862
9520	13	32
4061	17	862
5049	85	434
3843	185	32
11086	135	382
3040	43	141
7784	60	90
1103	17	862
6255	34	90
11015	43	141
4174	14	160
11154	48	32
5388	17	862
5543	11	23
7303	17	818
10466	14	160
10003	25	62
2457	31	4
12268	85	434
4670	25	62
207	25	62
11200	14	160
11633	48	32
3142	60	90
10619	34	90
2258	14	160
7191	198	160
3484	28	32
4250	31	4
12835	48	32
2564	17	862
3923	25	62
6427	232	160
8238	48	32
9019	25	62
6237	85	434
4585	43	384
13852	17	862
3118	43	141
3844	48	32
8503	17	215
9374	17	862
5321	51	160
8067	17	818
11260	43	141
6537	43	141
4521	25	62
6422	48	32
10238	43	384
6652	34	90
14374	25	62
3665	25	62
5720	85	434
7058	25	62
304	85	434
1096	48	32
659	147	382
10091	43	141
9873	17	862
11072	11	23
5158	17	818
2973	31	4
9386	185	32
13233	17	818
6443	43	141
983	13	382
3023	48	32
997	11	23
5723	43	141
13433	85	434
2353	25	62
4369	48	32
3400	17	215
1236	25	62
6232	14	160
1883	14	160
1900	11	23
11727	43	141
2542	11	23
1483	25	62
4924	85	434
13563	85	434
3924	85	434
5688	14	160
717	34	90
851	48	32
3503	25	62
6191	17	862
13551	17	862
11187	232	160
7386	11	23
4684	43	384
2533	48	32
8522	43	141
6989	43	141
3275	85	434
6016	34	90
11900	17	862
10368	28	32
12376	17	862
6907	14	160
6128	85	434
5050	31	4
7729	43	141
2638	34	90
8409	34	90
9932	100	160
11320	85	434
8801	185	32
7929	25	62
5283	17	862
10217	85	434
3146	48	32
8129	31	4
11468	43	141
2187	43	141
5260	25	62
12458	85	434
10926	13	382
9427	17	862
6242	11	23
414	43	384
3007	25	62
2501	25	62
332	17	862
5731	14	160
3235	17	862
7348	14	160
12015	43	141
5444	48	32
6482	34	90
5085	28	32
1609	17	215
1099	43	141
6013	48	32
387	14	160
7973	17	862
8309	48	32
10594	33	90
7330	85	434
1113	48	32
906	14	160
5315	31	4
10614	48	32
4736	11	23
6759	43	141
4819	85	434
10679	14	160
5715	14	160
9495	43	384
10626	17	215
2446	48	32
2760	25	62
3551	85	434
4148	43	141
12078	85	434
8822	17	862
2218	185	32
6372	48	32
9289	48	32
8581	17	818
1903	25	62
5255	48	382
7818	43	384
5682	85	434
6962	85	434
4419	28	382
10411	43	141
10029	25	62
920	17	862
4282	90	23
5875	17	862
4842	152	382
3039	43	384
12667	214	160
7728	25	62
1735	34	90
221	28	382
13551	48	32
4658	85	434
9619	14	160
930	25	62
2389	25	62
9774	48	32
1590	17	862
7460	43	141
7037	51	160
4384	11	23
2805	48	32
2411	48	382
6219	33	90
2878	34	90
8589	25	62
11290	43	141
7121	17	862
269	31	4
12081	85	434
780	31	4
5065	17	818
1388	14	160
11298	17	818
3907	48	32
11505	48	32
1349	13	382
3321	100	160
11127	43	141
3437	85	434
9472	17	215
11032	25	62
409	100	160
2466	17	818
6280	17	215
5991	43	141
498	17	818
3116	11	23
3932	25	62
8386	85	434
5246	31	4
5620	25	62
2181	17	818
6619	34	90
6532	43	141
12588	16	32
4913	11	23
14098	25	62
8680	43	141
8431	85	434
2680	31	4
12547	185	32
7455	25	62
11103	17	862
8860	133	32
11367	25	62
367	60	90
5183	17	862
4479	17	862
4311	17	818
3675	48	32
4111	26	215
4388	43	141
14532	25	62
12993	25	62
12358	13	32
13805	17	862
6671	48	32
1947	13	32
3800	17	818
4958	11	23
2114	14	160
1367	43	384
3968	85	434
8086	11	23
12895	14	160
6924	25	62
7053	48	32
1530	17	862
5478	34	90
4471	100	160
404	25	62
2824	17	215
2699	34	90
1612	48	32
1629	17	862
6628	101	160
10993	34	90
12420	25	62
12021	25	62
2872	43	384
562	43	141
4847	85	434
1883	34	90
1841	25	62
5484	13	32
7831	14	160
4436	43	141
2330	85	434
6442	34	90
318	25	62
5394	48	32
10713	25	62
12237	85	434
9512	17	818
12589	17	818
6056	11	23
4905	29	32
8068	11	23
6149	28	32
7315	85	434
72	17	818
12417	43	141
6683	31	4
1906	17	862
8402	85	434
4654	48	32
14533	25	62
7832	17	862
5845	13	382
3842	48	32
537	43	141
103	14	160
14401	51	160
2190	31	4
386	43	384
8797	25	62
11658	48	32
427	25	62
2985	48	32
3894	11	23
1027	48	32
8399	17	215
8459	17	862
4202	43	141
2213	48	32
3532	48	382
1341	17	862
5387	17	862
7200	28	32
473	31	4
10665	11	23
335	60	90
5520	34	90
2288	31	4
10226	11	23
12398	17	862
12324	85	434
3142	43	384
3940	48	32
13666	25	62
7695	48	32
4338	31	4
2664	25	62
7183	11	23
7635	33	90
3026	31	4
11327	14	160
7443	34	90
3555	25	62
1658	11	23
10614	17	215
14109	25	62
2551	17	215
3936	33	90
1477	60	90
6053	48	32
13914	25	62
11964	25	62
8616	85	434
3264	85	434
4194	43	141
10719	85	434
4311	17	215
6412	17	862
9696	28	32
155	11	23
1039	17	862
5450	14	160
7301	85	434
5091	17	862
1947	28	32
488	48	32
4617	25	62
1964	85	434
4758	17	862
801	48	32
4432	85	434
6499	48	382
4273	16	32
4443	43	141
383	48	32
13108	25	62
1822	11	23
3845	11	23
1933	13	32
4724	43	384
5605	17	862
744	17	818
6426	107	4
9270	48	32
4463	43	141
1242	185	382
5965	17	862
3475	17	862
9812	17	862
3178	43	384
1608	14	160
7616	31	4
253	48	32
5796	85	434
10066	11	23
13551	17	215
1961	43	141
40	14	160
5395	17	215
2263	17	862
5717	150	382
2890	11	23
2888	13	32
3032	43	384
132	43	141
7901	14	160
8912	13	32
1601	17	862
1136	48	32
3423	43	141
386	17	862
2460	34	90
6667	17	215
11857	85	434
8592	100	160
10956	17	215
11040	150	32
7202	11	23
1861	11	23
11847	85	434
7451	48	32
6475	85	434
1213	43	141
12526	17	862
4198	85	434
10290	17	862
9215	34	90
11833	48	32
2910	43	141
549	85	434
5017	14	160
8848	34	90
10807	43	384
9493	85	434
1225	43	141
11717	17	862
553	14	160
9856	48	32
4933	48	382
4250	11	23
459	43	141
5435	43	141
11007	85	434
8309	43	141
2027	43	141
7534	48	32
9879	17	862
5149	43	141
5606	48	32
1435	25	62
6011	14	160
8850	25	62
10931	48	382
6089	25	62
407	48	32
7591	60	90
6969	85	434
11414	17	862
4186	13	382
1475	48	32
1876	28	32
9533	43	141
7182	14	160
5099	34	90
7466	17	818
10310	85	434
3985	48	32
11810	31	4
13601	14	160
4592	17	818
1028	14	160
3976	17	862
4179	14	160
8350	13	32
4335	31	4
13063	85	434
9349	25	62
3371	48	32
13452	17	862
12815	43	141
4646	17	862
3369	51	160
3436	34	90
8783	43	141
3785	11	23
4319	51	160
5994	101	160
1598	13	32
7647	185	32
8015	17	862
4834	25	62
9815	60	90
6087	14	160
4339	17	862
11957	85	434
10213	25	62
3288	60	90
7874	17	818
4448	14	160
11609	198	160
14401	185	32
7994	43	141
11489	17	215
7202	13	32
9944	85	434
6496	33	90
6475	17	215
4495	43	141
10945	33	90
2010	43	141
172	17	818
13591	85	434
4202	100	160
6847	25	62
5891	14	160
9220	14	160
9699	11	23
6763	43	141
11159	48	382
7072	43	141
3859	43	384
9590	28	32
2078	85	434
7927	43	141
4059	14	160
3242	34	90
3759	11	23
1225	17	215
11134	28	32
3602	43	141
498	48	32
1147	17	215
3236	25	62
7552	13	382
71	14	160
6663	17	818
1976	43	384
8371	17	215
247	29	32
8751	107	4
8660	13	32
3430	31	4
7245	100	160
13743	33	90
9332	34	90
6678	43	384
10419	33	90
949	85	434
797	11	23
10696	43	141
3476	25	62
3723	34	90
10455	48	32
8888	31	4
3469	43	384
9039	43	141
9572	43	141
2549	85	434
8005	17	862
7682	48	32
